iteration       absolute error
1               0.5625
2               0.28125
3               0.140625
4               0.0703125
5               0.03515625
6               0.017578125
7               0.0087890625
8               0.00439453125
9               0.002197265625
10              0.0010986328125
11              0.00054931640625
12              0.000274658203125
13              0.0001373291015625
14              6.866455078125e-05
15              3.4332275390625e-05
16              1.71661376953125e-05
17              8.58306884765625e-06
18              4.291534423828125e-06
19              2.1457672119140625e-06
20              1.0728836059570312e-06
21              5.364418029785156e-07
